000000010011000000010000001000000110000000000000011000000
000000100011111111110000000100000110000000100000000100000
000000110011000001010000001100010110000000000000010000000
000001000011000000010000001000010110000000111111111000010
000001010011000011000000010000101110000000000010001000000
000001100011111111110000000100101110000000100000001100000
000001110011000000100000001100111110000000111111110000010
000010000011000000010000000100111110000000111111111000010
000010010011000000010000000110000110000000000000000010000
000010100011000000100000000110000110000000000000000001000
000010110011000000010000001010000110000000000000000000100
000011000011000101000001111010100110000000010110000000000
000011010011000000100000000110100110000000000000100000000
000011100011000000100000000110010110000000000000011000000
000011110011000000010000000110010110000000000000110000000
000100000011011111110000000110110110000000100000000100010
000100010011000000010000000110110110000000000000010000010
000100100011100000001000000111000110000000111111111000000
000100110011100000001000000111010110000000000000000000001
000101000001100000001000000101000110000000010000001000000
000101010001100000001000000101010110000000001111111000000
000101100001100000001000000111000110000000000000000000001
000101110011000000000000000000000100000000000000000000000
000110000011000000000000000000010100000000000000000000000
000110010011000000000000000000100100000000000000000000000
000110100011000000000000000000110100000000000000000000000
000110110011000000000000000001000100000000000000000000000
000111000011000000000000000001010100000000000000000000000
000111010011000000000000000001100100000000000000000000000
000111100011000000000000000001110100000000000000000000000
000111110011000000000000000010000100000000000000000000000
001000000011000000000000000010010100000000000000000000000
001000010011000000000000000010100100000000000000000000000
001000100011000000000000000010110100000000000000000000000
001000110011000000000000000011000100000000000000000000000
001001000011000000000000000011010100000000000000000000000
001001010011000000000000000011100100000000000000000000000
001001100011000000000000000011110100000000000000000000000
000000010011000000100000001100000110000000000000101000000
000000100011111111110000000100000110000000100000000100000
000000110011000000100000001100001110000000000000101000000
000001000011000001000000000100010110000000000000011000000
000001010011000000011111111100010110000000100000010000010
000001100011000001000000000100011110000000000000011000000
000001110011000000100000001100101110000000000000110000000
000010000011000000100000001100100110000000000000101000000
000010010011111111110000000100101110000000100000001100000
000010100011111111110000000100100110000000100000000100000
000010110011000001000000000100111110000000000000010000000
000011000011000001000000000100110110000000000000011000000
000011010011000000011111111100111110000000100000001000010
000011100011000000011111111100110110000000100000010000010
000011110001000000010000000001000110000000000000010000000
000100000001111111110000000001000110000000100000000100000
000100010001000000100000000001010110000000000000001000000
000100100001000000000000000001010110000000111111111000010
000100110010000000000000001001100110000000000000011000000
000101000010000000001111111101100110000000100000000100000
000101010010000000000000010001110110000000000000011000000
000101100010000000000000000001110110000000111111111000010
000101110011000000110000001110000110000000000000000010000
000110000011000001000000001110000110000000000000000001000
000110010011000000110000010010000110000000000000000000100
000110100011000001000000001110010110000000000010100000000
000110110011111111101111111010010110000000000000001000000
000111000011111111111111111110010110000000000000000000000
000111010011011111100000000110010110000000011111110000000
000111100011000000100000001010100110000000000001000000000
000111110011111111111111111110100111111110000000010000000
001000000011000000001111111110100110000000000000000000000
001000010011011111110000000110110110000000010000000000010
001000100011100000001000000010110110000000000000000000010
001000110011100000010000000110110110000000000000000000000
001001010011100000001111111110110110000000001111111000010
001001100011110001001110110010110110000000010110000000000
001001110011100111001110110010110110000000010001000000000
001010000011100000001000000011000110000000000000001000010
001010010011011111111000000011000110000000011111111000010
001010100011000000010000000111000110000000000000000000000
001010110011000111101111011011000110000000000101000000000
001011000011100000000000000111000110000000001111111000010
001011010011110011100000101011000110000000011000100000000
001011100011000000100000001100000100000000000000010000000
001011110011000000100000010100000100000000000000000000000
001100000011000000100000000100010100000000011111111000000
001100010011000001000000000000010100000000011111111000000
001100100011000000010000000000100100000000000000001000000
001100110011000000100000000000100100000000000000010000000
001101000011000000000000001000110100000000011111101000000
001101010011111111110000001000110100000000000000000000000
001101100011000000110000001101000100000000000000000000000
001101110011000001000000000101000100000000000000101000000
001110000011000000110000001101010100000000011111111000000
001110010011000000100000000101010100000000011111100000000
001110100001111111000000000001100100000000000000011000000
001110110001000000100000000001100100000000011111101000000
001111000010000001000000001001110100000000011111101000000
001111010010000000010000010001110100000000011111011000000
001111100001001101010000001110000100000000000011010000000
001111110001000011110000001110000100000000000000111000000
010000000001000011110000010010010100000000000011110000000
010000010001000000111111000010010100000000000000110000000
010000100010000001000011010110100100000000000011010000000
010000110010000000110000001110100100000000000000001000000
010001000010000010100011010110110100000000001101010000000
010001010010000111111101110110110100000000010111010000000
010001100011000011110000010011000100000000011110000000000
010001110011000000110000000111000100000000000000110000000
010010000011000001000000001011000100000000000010000000000
010010010011000000110000001111000100000000000011000000000
010010100011000001000010001111000100000000000000000000001
010010110011000011110000000111010100000000010000111000000
010011000011000000110000000111010100000000010000001000000
010011010011000001000001000011010100000000000000100000001
010011100011000000000000011111010100000000000000000000000
010011110011000000110000001111010100000000001100000000000
010100000000000011110001000011000100000000000001111000001
010100010000001100000001000011010100000000000110000000001
010100100000111111110000000100000110000000100000000100000
010100110000000011110000010011000100000000000000000000001
010101000000000011110000010011010100000000000000000000001
010101010000000000100000001111110010000000000000000000001
010101100000000000010000000111110110000000000000000000001
010101110001000000010000000111110110000000000000000000001
010110000001000000010000000111110110000000000000000000001
010110010010000000010000000111110110000000000000000000001
010110100010000000010000000111110110000000000000000000001
010110110011000000010000000111110110000000000000000000001
010111000011000000010000000111110110000000000000000000001
010111010000000000010000000111110100000000000000000000001
010111100001000000010000000111110100000000000000000000001
010111110001000000010000000111110100000000000000000000001
011000000010000000010000000111110100000000000000000000001
011000010010000000010000000111110100000000000000000000001
011000100011000000010000000111110100000000000000000000001
011000110011000000010000000111110100000000000000000000001
001001110011000000101000000110000100000000000000001000000
001010000011111111111111111100110100000000000000000000000
001010010011111111100000000010010110000000011111111000000
001010100011000001000000000100010110000000000000011000000
001010110011111100000000000000000110000000011110000000000
001011000011111100000000000000100110000000011110000000000
001011010011111111110000000000100110000000011111111000000
001011100000000000000000000000000000000000000000000000000
001011110000010010000000000000000100000000000000000000000
001100000011010101011010101000000100000000000111111000000
001100010011101010100101010100000000000000000001000000000
001100100011101010100101010100000110000000000111111000000
001100110011111111110000000000000100000000000000000000000
001101000000000001010000010100000100000000000000000000000
001101010011101010100101010100000110000000000111111000000
001101100010011110010111100100000110000000000000000000001
001101110001111111111111111100000110000000000000000000001
001110000011111111110000000100000110000000010000000100000
001110010011111111111111111100010110000000010000000100000
001110100010011110010111100000010110000000000000000000001
001110110001011110010111100000010110000000000000000000001
001111000011111111110000000100010110000000001111110000000
001111010011011110010111100100101110000000001110101000000
001111100011111111100000000100100110000000001111111000000
001111110010011110010111100100101110000000000000000000001
010000000001011110010111100100101110000000000000000000001
010000010011111111110000000100101110000000001111111000000
010000100011011110010111100000111110000000000000000000000
010000110010011110010111100000110110000000000000000000001
010001000001011110010111100000111110000000000000000000001
010001010011000011110000111100111110000000000000000000000
010001100011111111110000000100111110000000001111110000000
010001110010111111110000000001000110000000000000000000010
010010000010000000000000000001010110000000000000000000010
010010010001000000001111111101100110000000000000000000010
010010100001000000000000000001110110000000000000000000010
010010110011111111110111111110000110000000000000000010000
010011000011011111111111111110000110000000000000000001000
010011010011011110010111100110000110000000000000000000100
010011100011000000010000000110010110000000000000001000000
010011110011111111111111111110010110000000000000000000010
010100000011111111110000001010100110000000011111100000000
010100010011000000000000001010100110000000000000000000000
010100100011000000100000001110100110000000000001100000000
010100110011111110110000010110110110000000000000000000100
01010100001111111011111110111011011000000011110110001000
010101010011000001010000010110110110000000000001010010000
010101100011000001011111101111000110000000000001010010000
010101110011111110111111101111000110000000000000000000100
010110000011000001010000010111000110000000000000000010000
010110010011111111110000000000000100000000000000000000000
010110100011000000001111111100000100000000000000000000000
010110110011101010100101010100000100000000000000000000000
010111000011111111110000000000100100000000001111111000000
010111010011000000001111111100100100000000001111111000000
010111100011101010100101010100100100000000001111111000000
010111110011000000001111111100010100000000001111111000000
011000000011111111110000000000010100000000001111111000000
011000010011101010100101010100010100000000001111111000000
011000100011101010100101010100110100000000000000000000000
011000110011000000001111111100110100000000000000000000000
011001000011111111110000000000110100000000000000000000000
011001010011101010100101010101000100000000001111111000000
011001100011111111110000000001000100000000001111111000000
011001110011000000001111111101000100000000001111111000000
011010000011111111110000000001010100000000000000000000000
011010010011101010100101010101010100000000000000000000000
011010100011000000001111111101010100000000000000000000000
011010110010111111110000000001100100000000000000000000000
011011000010000000000000000001100100000000001111111000000
011011010001000000001111111101110100000000000000000000000
011011100001000000000000000001110100000000001111111000000
011011110010111111110000000010000100000000001111111000000
011100000010000000000000000010000100000000000000000000000
011100010010111111110000000010010100000000001111110000000
011100100010000000000000000010010100000000000000000000000
011100110001000000001111111110100100000000001111111000000
011101000001000000000000000010100100000000000000000000000
011101010001000000001111111110110100000000001111110000000
011101100001000000000000000010110100000000000000000000000
011101110011101010100000011111000100000000001010101000000
011110000011010101010000011011000100000000001010101000000
011110010011000000010000010111000100000000000100000000000
011110100011100000000000010011000100000000000001000000000
011110110011000100000000001111000100000000010000000000000
011111000011001000000000001011000100000000000001000000000
011111010011010000000000000111000100000000000000010000000
011111100011100000000100000111000100000000000000001000001
011111110011011111111000000111000100000000001111110000001
100000000011010101011001001111000100000000001010101000001
100000010011101010101001110011000100000000001010101000001
100000100011010101010000011111010100000000001010101000000
100000110011010000000000011011010100000000000000001000000
100001000011001000000000010111010100000000000000001000000
100001010011100000000000010011010100000000000001000000000
100001100011000001000000001111010100000000010000000000000
100001110011000000100000001011010100000000000010000000000
100010000011000010000000000111010100000000000010000000000
100010010011000001001000000111010100000000000001000000001
100010100011000001011111011111010100000000010000010000001
100010110011000001000100001111010100000000000100000000001
100011000011000010011010101011010100000000000100100000001
